function [sitecolors] = colorPickerQualitative
sitecolors =  [...
    0.6902    0.6118    0.5216; %light brown
    0         0.6275    0.5294; %turkis
    0.8627    0         0; %red
    0.2353    0.3294    0.5333; %dark blue
    0.9529    0.6078    0.4980; %flesh color
    0.5176    0.5686    0.7059; %grey blue
    0.3020    0.7333    0.8353; %light blue
    0.8078    0.0706    0.3373; % our light violet
    ];
end
